17	21.367088607594937
18	25.912727272727274
19	30.678370786516854
20	32.28021248339974
21	34.03472222222222
22	35.17124183006536
23	36.71835803876853
24	39.08897243107769
25	40.00713436385256
26	41.06496815286624
27	42.039520958083834
28	42.02768166089965
29	42.36531365313653
30	42.167247386759584
31	42.877252252252255
32	42.878019323671495
33	42.965714285714284
34	42.93792325056433
35	43.90867579908676
36	43.25723830734967
37	43.70629370629371
38	44.05320435308344
39	43.693627450980394
40	42.4382871536524
41	43.10519801980198
42	43.212820512820514
43	43.250649350649354
44	44.129834254143645
45	43.294277929155314
46	42.915875169606515
47	43.18785310734463
48	43.21178637200737
49	43.75389948006932
50	43.95348837209303
51	43.28403361344538
52	42.98953974895397
53	43.303879310344826
54	42.58072289156627
55	42.279236276849645
56	42.060109289617486
57	42.460893854748605
58	40.8551912568306
59	41.969014084507045
60	40.541666666666664
61	38.8
62	38.96511627906977
63	37.0
64	34.49519230769231
65	35.06741573033708
66	32.98
67	30.960264900662253
68	31.766666666666666
69	29.01851851851852
70	29.696629213483146
71	28.88888888888889
72	27.567164179104477
73	28.578125
74	22.607843137254903
75	26.155555555555555
76	22.82608695652174
77	22.689655172413794
78	25.043478260869566
79	26.818181818181817
80	23.636363636363637
81	21.7
82	17.416666666666668
83	34.666666666666664
84	24.2
85	29.333333333333332
86	40.0
87	2.0
88	40.0
90	36.81395348837209
